%% Sim Params
overSampleFreq = 250; %300 MHz would be optimal, now targeting 250 MHz
overSample = 4;
baseFreq = overSampleFreq/overSample; %300 MHz
basePer = 1/baseFreq;
overSamplePer = 1/overSampleFreq;

eccTrellis = poly2trellis(7, [133 171 165]);

maxVal = 4;
minVal = -maxVal;

%Xilinx Settings
mult_pipeline = 3;
regular_pipeline = 1;

%Carrier Recovery

cr_bound_thresh = 2^-8;

cr_smooth_samples = 4;
cr_smooth_num = (1/cr_smooth_samples).*ones(1, cr_smooth_samples);
%cr_smooth_num = firpm(cr_smooth_samples-1,[0 .01 .04 .5]*2,[1 1 0 0]);
%cr_smooth_denom = zeros(1, cr_smooth_samples);
%cr_smooth_denom(1) = 1;
%cr_smooth_denom(2) = -0.90;

cr_smooth_second_num = [1, 0];
cr_smooth_second_denom = [1, -0.30];

cr_int_preamp = 2^-8;
cr_int_intr = -0.999999;
cr_int_amp = 2^-5+2^-7;

%[cr_smooth_num, cr_smooth_denom] = butter(cr_smooth_samples, 0.30, 'low');
cr_smooth_amp = 2^-5;
%cr_smooth_amp = 0;

cr_pre_amp = 1;

frac_lut_res_cr = 2^-5;
%Timing Recovery
frac_lut_domain = 5;

frac_lut_res = 2^-5;


averaging_samples = 40;
averaging_num = (1/averaging_samples).*ones(1, averaging_samples);
averaging_denom = zeros(1, averaging_samples);
averaging_denom(1) = 1;

smooth_samples = 4;
%[smooth_num, smooth_denom] = butter(smooth_samples, 0.35, 'low');
%smooth_num = firpm(smooth_samples-1,[0 .01 .04 .5]*2,[1 1 0 0]);
smooth_num = (1).*(1/smooth_samples).*ones(1, smooth_samples);
smooth_denom = zeros(1, smooth_samples);
smooth_denom(1) = 1;
smooth_denom(2) = -0.95;

smooth_second_num = [1, 0];
smooth_second_denom = [1, -0.95];

smooth_scale = 0.0005;
smooth_pre_scale = 1;
%smooth_num = [-0.000291723590836063 -0.00189040309614012 -0.00292818756339082 -0.00465671740235307 -0.00627225726025284 -0.00748117979971559 -0.00784951042322378 -0.00706790676162783 -0.00504024683234228 -0.00197291259925477 0.00161229674999934 0.00495396936361733 0.00721256543859064 0.00768858301637501 0.00604275550354361 0.00245513351781428 -0.00233533446972779 -0.0071456688820574 -0.0106052499779213 -0.0115138806128092 -0.00920500804274433 -0.00382440805589127 0.00358205511814609 0.0112116568949578 0.0168877131886811 0.0186025199453639 0.0151051821901078 0.00638111222231867 -0.0061224001760283 -0.0196057813722362 -0.030387605228581 -0.0346529496038089 -0.0293287477668018 -0.0128886191262846 0.0141156057755088 0.0489367760994866 0.0869929664510594 0.122651800554721 0.150283146189454 0.165358043121494 0.165358043121494 0.150283146189454 0.122651800554721 0.0869929664510594 0.0489367760994866 0.0141156057755088 -0.0128886191262846 -0.0293287477668018 -0.0346529496038089 -0.030387605228581 -0.0196057813722362 -0.0061224001760283 0.00638111222231867 0.0151051821901078 0.0186025199453639 0.0168877131886811 0.0112116568949578 0.00358205511814609 -0.00382440805589127 -0.00920500804274433 -0.0115138806128092 -0.0106052499779213 -0.0071456688820574 -0.00233533446972779 0.00245513351781428 0.00604275550354361 0.00768858301637501 0.00721256543859064 0.00495396936361733 0.00161229674999934 -0.00197291259925477 -0.00504024683234228 -0.00706790676162783 -0.00784951042322378 -0.00748117979971559 -0.00627225726025284 -0.00465671740235307 -0.00292818756339082 -0.00189040309614012 -0.000291723590836063];
%smooth_denom = zeros(size(smooth_num));
%smooth_denom(1) = 1;

thetaInit = 0;

expDomain = 3.3;
expTol = .1;
expResolution = 2^-6;
trigger = 60;

%[a, b] = butter(8, .3);

atanDomain = 2.5;
atanResolution = 2^-4;

%Recieve Matching Filter Coefs (could not implement recieve match filter
%since no decemation was used)
rcRxFilt = [0.0136862302916632 -1.07255950749522e-17 -0.0189771276893529 -0.0291239876115654 -0.0188755211158258 0.0106361356824736 0.0424635782726055 0.0519988855587596 0.023305426798367 -0.0360582703762239 -0.092415015279578 -0.100052449159764 -0.0262868760771072 0.126203946316784 0.313718534732932 0.467989970028836 0.527600531456874 0.467989970028836 0.313718534732932 0.126203946316784 -0.0262868760771072 -0.100052449159764 -0.092415015279578 -0.0360582703762239 0.023305426798367 0.0519988855587596 0.0424635782726055 0.0106361356824736 -0.0188755211158258 -0.0291239876115654 -0.0189771276893529 -1.07255950749522e-17 0.0136862302916632];
rcTxFilt = [6.68779489007459e-19 0.000270691295206529 -4.999338702171e-19 -0.000336219524424471 9.03438958834639e-19 0.00123463632165323 0.00256356625248123 0.00248824066903917 -3.39878148797709e-18 -0.00417063755826204 -0.00735316162855211 -0.00637019823453658 6.665784936228e-18 0.00919882830359276 0.0154066243645854 0.0128078682811614 -1.03706409504942e-17 -0.0174176846832742 -0.028565452527648 -0.0233755057420699 1.40443692691566e-17 0.0312771487461362 0.0512993158532978 0.0422515869026752 -1.71653402178581e-17 -0.0587334135872177 -0.0999790838467681 -0.0870884234163709 1.92597617652035e-17 0.150738757462899 0.323539111656293 0.460777672298146 0.512993158532978 0.460777672298146 0.323539111656293 0.150738757462899 1.92597617652035e-17 -0.0870884234163709 -0.0999790838467681 -0.0587334135872177 -1.71653402178581e-17 0.0422515869026752 0.0512993158532978 0.0312771487461362 1.40443692691566e-17 -0.0233755057420699 -0.028565452527648 -0.0174176846832742 -1.03706409504942e-17 0.0128078682811614 0.0154066243645854 0.00919882830359276 6.665784936228e-18 -0.00637019823453658 -0.00735316162855211 -0.00417063755826204 -3.39878148797709e-18 0.00248824066903917 0.00256356625248123 0.00123463632165323 9.03438958834639e-19 -0.000336219524424471 -4.999338702171e-19 0.000270691295206529 6.68779489007459e-19];

%% Imperfections
freqOffsetFactor = 0.001;
%freqOffsetFactor = 0.004;
%awgnEbN0 = 15; %very bad
%awgnEbN0 = 30;
awgnEbN0 = 1000000;

%% Golay Sequence
Ga_128 = [+1, +1, -1, -1, -1, -1, -1, -1, -1, +1, -1, +1, +1, -1, -1, +1, +1, +1, -1, -1, +1, +1, +1, +1, -1, +1, -1, +1, -1, +1, +1, -1, -1, -1, +1, +1, +1, +1, +1, +1, +1, -1, +1, -1, -1, +1, +1, -1, +1, +1, -1, -1, +1, +1, +1, +1, -1, +1, -1, +1, -1, +1, +1, -1, +1, +1, -1, -1, -1, -1, -1, -1, -1, +1, -1, +1, +1, -1, -1, +1, +1, +1, -1, -1, +1, +1, +1, +1, -1, +1, -1, +1, -1, +1, +1, -1, +1, +1, -1, -1, -1, -1, -1, -1, -1, +1, -1, +1, +1, -1, -1, +1, -1, -1, +1, +1, -1, -1, -1, -1, +1, -1, +1, -1, +1, -1, -1, +1];
Gb_128 = [-1, -1, +1, +1, +1, +1, +1, +1, +1, -1, +1, -1, -1, +1, +1, -1, -1, -1, +1, +1, -1, -1, -1, -1, +1, -1, +1, -1, +1, -1, -1, +1, +1, +1, -1, -1, -1, -1, -1, -1, -1, +1, -1, +1, +1, -1, -1, +1, -1, -1, +1, +1, -1, -1, -1, -1, +1, -1, +1, -1, +1, -1, -1, +1, +1, +1, -1, -1, -1, -1, -1, -1, -1, +1, -1, +1, +1, -1, -1, +1, +1, +1, -1, -1, +1, +1, +1, +1, -1, +1, -1, +1, -1, +1, +1, -1, +1, +1, -1, -1, -1, -1, -1, -1, -1, +1, -1, +1, +1, -1, -1, +1, -1, -1, +1, +1, -1, -1, -1, -1, +1, -1, +1, -1, +1, -1, -1, +1];
%Normal Values
D_128  = [ 1,  8,  2,  4, 16, 32, 64];
%Scaled by 4
%D_128  = D_128 .* 4;

W_128  = [-1, -1, -1, -1, +1, -1, -1];

Ga_64  = [-1, -1, +1, -1, +1, -1, -1, -1, +1, +1, -1, +1, +1, -1, -1, -1, -1, -1, +1, -1, +1, -1, -1, -1, -1, -1, +1, -1, -1, +1, +1, +1, -1, -1, +1, -1, +1, -1, -1, -1, +1, +1, -1, +1, +1, -1, -1, -1, +1, +1, -1, +1, -1, +1, +1, +1, +1, +1, -1, +1, +1, -1, -1, -1];
Gb_64  = [+1, +1, -1, +1, -1, +1, +1, +1, -1, -1, +1, -1, -1, +1, +1, +1, +1, +1, -1, +1, -1, +1, +1, +1, +1, +1, -1, +1, +1, -1, -1, -1, -1, -1, +1, -1, +1, -1, -1, -1, +1, +1, -1, +1, +1, -1, -1, -1, +1, +1, -1, +1, -1, +1, +1, +1, +1, +1, -1, +1, +1, -1, -1, -1];
D_64   = [ 2,  1,  4,  8, 16, 32];
W_64   = [ 1,  1, -1, -1,  1, -1];

Ga_32  = [+1, +1, +1, +1, +1, -1, +1, -1, -1, -1, +1, +1, +1, -1, -1, +1, +1, +1, -1, -1, +1, -1, -1, +1, -1, -1, -1, -1, +1, -1, +1, -1];
Gb_32  = [-1, -1, -1, -1, -1, +1, -1, +1, +1, +1, -1, -1, -1, +1, +1, -1, +1, +1, -1, -1, +1, -1, -1, +1, -1, -1, -1, -1, +1, -1, +1, -1];
D_32   = [ 1,  4,  8,  2, 16];
W_32   = [-1,  1, -1,  1, -1];

Gu_512 = cat(2, -Gb_128, -Ga_128, Gb_128, -Ga_128);
Gv_512 = cat(2, -Gb_128, Ga_128, -Gb_128, -Ga_128);

Gv_128 = Gv_512(1:1:128);

Gu_512_note = [-2, -1, 2, -1];
Gv_512_note = [-2, 1, -2, -1];

